image: outdoor_test_3_new.pgm
resolution: 0.050000
origin: [-38.800000, -74.000000, 0.000000]
negate: 0
occupied_thresh: 0.65
free_thresh: 0.196

