image: /home/ahmad/ria_ws/src/RIA_R100_SIM_V2/r100_navigation/maps/sim_map.pgm
resolution: 0.050000
origin: [-21.200000, -21.200000, 0.000000]
negate: 0
occupied_thresh: 0.65
free_thresh: 0.196

